{"N": 14, "e": [0, 43, 308, 46, 339, 377, 33, 247, 214, 187, 191, 27, 14, 212], "l": [960, 186, 368, 201, 438, 494, 166, 307, 421, 247, 410, 507, 74, 692], "demands": [0, 40, 30, 10, 30, 20, 10, 10, 9, 27, 14, 8, 14, 23], "service_time": [0, 10, 10, 10, 10, 10, 10, 10, 10, 10, 10, 10, 10, 10], "d": [[0, 43, 37, 36, 40, 30, 33, 35, 15, 9, 25, 27, 14, 17], [43, 0, 5, 7, 5, 12, 11, 10, 28, 47, 30, 20, 43, 37], [37, 5, 0, 2, 5, 6, 7, 7, 22, 41, 25, 15, 38, 32], [36, 7, 2, 0, 5, 5, 5, 5, 21, 40, 25, 15, 37, 32], [40, 5, 5, 5, 0, 10, 7, 5, 25, 43, 30, 20, 42, 37], [30, 12, 6, 5, 10, 0, 5, 7, 16, 35, 21, 11, 32, 27], [33, 11, 7, 5, 7, 5, 0, 2, 18, 36, 26, 17, 37, 32], [35, 10, 7, 5, 5, 7, 2, 0, 19, 38, 28, 18, 39, 34], [15, 28, 22, 21, 25, 16, 18, 19, 0, 19, 22, 18, 23, 20], [9, 47, 41, 40, 43, 35, 36, 38, 19, 0, 34, 34, 23, 26], [25, 30, 25, 25, 30, 21, 26, 28, 22, 34, 0, 10, 16, 10], [27, 20, 15, 15, 20, 11, 17, 18, 18, 34, 10, 0, 24, 18], [14, 43, 38, 37, 42, 32, 37, 39, 23, 23, 16, 24, 0, 6], [17, 37, 32, 32, 37, 27, 32, 34, 20, 26, 10, 18, 6, 0]]}