{"N": 26, "e": [0, 195, 35, 174, 254, 215, 201, 681, 784, 529, 621, 487, 329, 376, 105, 732, 507, 175, 557, 782, 42, 232, 764, 395, 713, 392], "l": [960, 315, 155, 294, 374, 335, 321, 801, 904, 649, 741, 607, 449, 496, 225, 852, 627, 295, 677, 902, 162, 352, 884, 515, 833, 512], "demands": [0, 40, 10, 20, 40, 10, 30, 10, 20, 30, 10, 30, 30, 20, 10, 10, 30, 3, 19, 20, 19, 16, 7, 18, 25, 23], "service_time": [0, 10, 10, 10, 10, 10, 10, 10, 10, 10, 10, 10, 10, 10, 10, 10, 10, 10, 10, 10, 10, 10, 10, 10, 10, 10], "d": [[0, 33, 35, 39, 40, 45, 45, 35, 45, 58, 51, 47, 40, 30, 38, 45, 35, 25, 18, 47, 42, 57, 49, 27, 52, 17], [33, 0, 5, 6, 45, 47, 46, 39, 44, 87, 79, 77, 68, 61, 7, 48, 64, 19, 42, 30, 20, 35, 39, 50, 68, 49], [35, 5, 0, 5, 50, 53, 51, 44, 50, 91, 83, 80, 68, 60, 3, 54, 67, 25, 46, 36, 25, 40, 45, 54, 73, 52], [39, 6, 5, 0, 50, 51, 50, 43, 48, 93, 85, 83, 73, 66, 5, 53, 70, 25, 48, 32, 21, 35, 42, 56, 73, 55], [40, 45, 50, 50, 0, 5, 6, 6, 8, 56, 49, 49, 77, 66, 53, 5, 39, 26, 26, 27, 33, 37, 20, 24, 25, 40], [45, 47, 53, 51, 5, 0, 2, 10, 5, 60, 53, 54, 82, 72, 55, 2, 43, 29, 31, 25, 33, 35, 17, 29, 27, 46], [45, 46, 51, 50, 6, 2, 0, 10, 3, 62, 55, 55, 82, 72, 53, 4, 45, 28, 32, 23, 31, 33, 15, 30, 29, 47], [35, 39, 44, 43, 6, 10, 10, 0, 10, 58, 51, 51, 73, 63, 46, 10, 39, 19, 23, 23, 28, 34, 19, 23, 30, 38], [45, 44, 50, 48, 8, 5, 3, 10, 0, 65, 57, 58, 83, 73, 51, 7, 47, 26, 33, 20, 29, 30, 12, 32, 32, 48], [58, 87, 91, 93, 56, 60, 62, 58, 65, 0, 8, 11, 65, 58, 94, 58, 23, 70, 45, 82, 85, 93, 76, 38, 37, 42], [51, 79, 83, 85, 49, 53, 55, 51, 57, 8, 0, 5, 61, 53, 86, 51, 15, 62, 37, 74, 77, 85, 69, 30, 32, 34], [47, 77, 80, 83, 49, 54, 55, 51, 58, 11, 5, 0, 55, 48, 83, 52, 13, 60, 35, 74, 76, 85, 69, 28, 34, 30], [40, 68, 68, 73, 77, 82, 82, 73, 83, 65, 61, 55, 0, 10, 70, 82, 51, 65, 50, 87, 82, 97, 89, 56, 80, 37], [30, 61, 60, 66, 66, 72, 72, 63, 73, 58, 53, 48, 10, 0, 63, 71, 42, 55, 40, 77, 73, 87, 80, 46, 70, 27], [38, 7, 3, 5, 53, 55, 53, 46, 51, 94, 86, 83, 70, 63, 0, 56, 70, 27, 49, 37, 26, 40, 46, 57, 76, 55], [45, 48, 54, 53, 5, 2, 4, 10, 7, 58, 51, 52, 82, 71, 56, 0, 42, 30, 31, 27, 35, 37, 19, 28, 25, 45], [35, 64, 67, 70, 39, 43, 45, 39, 47, 23, 15, 13, 51, 42, 70, 42, 0, 47, 22, 62, 63, 73, 58, 16, 30, 19], [25, 19, 25, 25, 26, 29, 28, 19, 26, 70, 62, 60, 65, 55, 27, 30, 47, 0, 25, 22, 18, 32, 27, 32, 48, 36], [18, 42, 46, 48, 26, 31, 32, 23, 33, 45, 37, 35, 50, 40, 49, 31, 22, 25, 0, 43, 42, 54, 41, 9, 34, 14], [47, 30, 36, 32, 27, 25, 23, 23, 20, 82, 74, 74, 87, 77, 37, 27, 62, 22, 43, 0, 11, 11, 10, 46, 52, 56], [42, 20, 25, 21, 33, 33, 31, 28, 29, 85, 77, 76, 82, 73, 26, 35, 63, 18, 42, 11, 0, 15, 21, 47, 58, 54], [57, 35, 40, 35, 37, 35, 33, 34, 30, 93, 85, 85, 97, 87, 40, 37, 73, 32, 54, 11, 15, 0, 18, 57, 62, 67], [49, 39, 45, 42, 20, 17, 15, 19, 12, 76, 69, 69, 89, 80, 46, 19, 58, 27, 41, 10, 21, 18, 0, 42, 44, 56], [27, 50, 54, 56, 24, 29, 30, 23, 32, 38, 30, 28, 56, 46, 57, 28, 16, 32, 9, 46, 47, 57, 42, 0, 26, 19], [52, 68, 73, 73, 25, 27, 29, 30, 32, 37, 32, 34, 80, 70, 76, 25, 30, 48, 34, 52, 58, 62, 44, 26, 0, 44], [17, 49, 52, 55, 40, 46, 47, 38, 48, 42, 34, 30, 37, 27, 55, 45, 19, 36, 14, 56, 54, 67, 56, 19, 44, 0]]}