{"N": 29, "e": [0, 388, 367, 653, 703, 201, 681, 784, 43, 0, 278, 64, 329, 376, 33, 574, 489, 599, 782, 167, 191, 11, 268, 612, 241, 0, 645, 764, 355], "l": [960, 508, 487, 773, 823, 321, 801, 904, 163, 909, 398, 184, 449, 496, 153, 694, 609, 719, 902, 287, 311, 131, 388, 732, 361, 922, 765, 884, 475], "demands": [0, 20, 10, 10, 20, 30, 10, 20, 40, 10, 30, 10, 30, 20, 10, 20, 10, 16, 20, 3, 17, 16, 9, 21, 14, 8, 8, 7, 10], "service_time": [0, 10, 10, 10, 10, 10, 10, 10, 10, 10, 10, 10, 10, 10, 10, 10, 10, 10, 10, 10, 10, 10, 10, 10, 10, 10, 10, 10, 10], "d": [[0, 33, 39, 38, 40, 45, 35, 45, 43, 40, 37, 36, 40, 30, 33, 38, 37, 14, 47, 29, 20, 11, 25, 10, 25, 27, 36, 49, 12], [33, 0, 5, 42, 34, 72, 63, 72, 48, 47, 44, 42, 43, 40, 37, 38, 5, 19, 65, 61, 52, 38, 56, 26, 51, 46, 55, 72, 35], [39, 5, 0, 46, 38, 78, 68, 77, 50, 50, 47, 45, 45, 43, 40, 40, 3, 25, 70, 67, 58, 44, 62, 32, 55, 50, 60, 77, 40], [38, 42, 46, 0, 11, 44, 38, 42, 78, 76, 72, 71, 74, 66, 67, 70, 46, 35, 26, 60, 40, 30, 59, 43, 63, 65, 21, 36, 49], [40, 34, 38, 11, 0, 55, 48, 53, 76, 74, 71, 69, 72, 65, 65, 68, 39, 33, 38, 65, 47, 35, 64, 42, 65, 66, 32, 47, 50], [45, 72, 78, 44, 55, 0, 10, 3, 84, 81, 78, 78, 82, 72, 76, 81, 77, 55, 23, 40, 25, 35, 45, 55, 56, 65, 23, 15, 54], [35, 63, 68, 38, 48, 10, 0, 10, 75, 72, 69, 68, 73, 63, 67, 72, 68, 45, 23, 33, 16, 25, 37, 45, 48, 55, 18, 19, 44], [45, 72, 77, 42, 53, 3, 10, 0, 85, 82, 79, 79, 83, 73, 77, 82, 76, 55, 20, 42, 26, 35, 47, 55, 58, 66, 21, 12, 54], [43, 48, 50, 78, 76, 84, 75, 85, 0, 3, 5, 7, 5, 12, 11, 10, 47, 43, 90, 50, 58, 54, 43, 35, 30, 20, 79, 92, 31], [40, 47, 50, 76, 74, 81, 72, 82, 3, 0, 3, 5, 5, 9, 10, 10, 47, 41, 87, 47, 55, 51, 40, 33, 27, 17, 76, 89, 28], [37, 44, 47, 72, 71, 78, 69, 79, 5, 3, 0, 2, 5, 6, 7, 8, 44, 37, 84, 45, 52, 48, 38, 29, 25, 15, 73, 86, 25], [36, 42, 45, 71, 69, 78, 68, 79, 7, 5, 2, 0, 5, 5, 5, 7, 42, 36, 83, 45, 52, 47, 38, 28, 25, 15, 72, 85, 24], [40, 43, 45, 74, 72, 82, 73, 83, 5, 5, 5, 5, 0, 10, 7, 5, 42, 39, 87, 50, 57, 51, 43, 32, 30, 20, 76, 89, 29], [30, 40, 43, 66, 65, 72, 63, 73, 12, 9, 6, 5, 10, 0, 5, 10, 40, 31, 77, 40, 46, 41, 33, 23, 21, 11, 66, 80, 19], [33, 37, 40, 67, 65, 76, 67, 77, 11, 10, 7, 5, 7, 5, 0, 5, 37, 32, 80, 46, 50, 44, 39, 25, 26, 17, 69, 83, 22], [38, 38, 40, 70, 68, 81, 72, 82, 10, 10, 8, 7, 5, 10, 5, 0, 37, 35, 85, 50, 55, 49, 43, 29, 31, 21, 73, 88, 27], [37, 5, 3, 46, 39, 77, 68, 76, 47, 47, 44, 42, 42, 40, 37, 37, 0, 23, 70, 65, 56, 43, 59, 29, 53, 47, 60, 77, 38], [14, 19, 25, 35, 33, 55, 45, 55, 43, 41, 37, 36, 39, 31, 32, 35, 23, 0, 52, 43, 33, 20, 38, 10, 35, 33, 41, 57, 19], [47, 65, 70, 26, 38, 23, 23, 20, 90, 87, 84, 83, 87, 77, 80, 85, 70, 52, 0, 55, 36, 36, 58, 55, 67, 73, 11, 10, 58], [29, 61, 67, 60, 65, 40, 33, 42, 50, 47, 45, 45, 50, 40, 46, 50, 65, 43, 55, 0, 20, 30, 7, 35, 20, 30, 47, 52, 28], [20, 52, 58, 40, 47, 25, 16, 26, 58, 55, 52, 52, 57, 46, 50, 55, 56, 33, 36, 20, 0, 14, 22, 30, 32, 39, 26, 34, 28], [11, 38, 44, 30, 35, 35, 25, 35, 54, 51, 48, 47, 51, 41, 44, 49, 43, 20, 36, 30, 14, 0, 29, 20, 33, 37, 25, 38, 22], [25, 56, 62, 59, 64, 45, 37, 47, 43, 40, 38, 38, 43, 33, 39, 43, 59, 38, 58, 7, 22, 29, 0, 30, 13, 23, 49, 56, 21], [10, 26, 32, 43, 42, 55, 45, 55, 35, 33, 29, 28, 32, 23, 25, 29, 29, 10, 55, 35, 30, 20, 30, 0, 25, 23, 44, 59, 9], [25, 51, 55, 63, 65, 56, 48, 58, 30, 27, 25, 25, 30, 21, 26, 31, 53, 35, 67, 20, 32, 33, 13, 25, 0, 10, 57, 66, 16], [27, 46, 50, 65, 66, 65, 55, 66, 20, 17, 15, 15, 20, 11, 17, 21, 47, 33, 73, 30, 39, 37, 23, 23, 10, 0, 62, 73, 15], [36, 55, 60, 21, 32, 23, 18, 21, 79, 76, 73, 72, 76, 66, 69, 73, 60, 41, 11, 47, 26, 25, 49, 44, 57, 62, 0, 17, 47], [49, 72, 77, 36, 47, 15, 19, 12, 92, 89, 86, 85, 89, 80, 83, 88, 77, 57, 10, 52, 34, 38, 56, 59, 66, 73, 17, 0, 60], [12, 35, 40, 49, 50, 54, 44, 54, 31, 28, 25, 24, 29, 19, 22, 27, 38, 19, 58, 28, 28, 22, 21, 9, 16, 15, 47, 60, 0]]}