{"N": 26, "e": [0, 371, 519, 653, 703, 278, 217, 599, 258, 167, 191, 612, 241, 60, 645, 822, 355, 349, 359, 359, 719, 14, 808, 100, 547, 308], "l": [960, 491, 639, 773, 823, 398, 337, 719, 378, 287, 311, 732, 361, 180, 765, 942, 475, 469, 479, 479, 839, 134, 928, 220, 667, 428], "demands": [0, 20, 30, 10, 20, 30, 10, 16, 9, 3, 17, 21, 14, 8, 8, 13, 10, 28, 13, 6, 13, 14, 3, 6, 35, 15], "service_time": [0, 10, 10, 10, 10, 10, 10, 10, 10, 10, 10, 10, 10, 10, 10, 10, 10, 10, 10, 10, 10, 10, 10, 10, 10, 10], "d": [[0, 33, 31, 38, 40, 37, 35, 14, 15, 29, 20, 10, 25, 27, 36, 7, 12, 32, 38, 4, 12, 14, 21, 20, 48, 20], [33, 0, 5, 5, 14, 68, 65, 32, 46, 55, 35, 39, 58, 60, 18, 38, 45, 15, 11, 29, 39, 43, 53, 46, 18, 16], [31, 5, 0, 7, 11, 65, 61, 28, 43, 55, 36, 36, 57, 58, 22, 37, 42, 19, 16, 27, 39, 43, 52, 46, 22, 16], [38, 5, 7, 0, 11, 72, 68, 35, 50, 60, 40, 43, 63, 65, 21, 43, 49, 19, 13, 34, 44, 48, 58, 51, 17, 21], [40, 14, 11, 11, 0, 71, 66, 33, 49, 65, 47, 42, 65, 66, 32, 47, 50, 29, 24, 37, 49, 53, 61, 56, 27, 27], [37, 68, 65, 72, 71, 0, 7, 37, 22, 45, 52, 29, 25, 15, 73, 36, 25, 69, 75, 41, 40, 38, 28, 43, 84, 57], [35, 65, 61, 68, 66, 7, 0, 33, 19, 48, 52, 26, 28, 18, 71, 35, 24, 67, 72, 39, 40, 39, 30, 45, 81, 55], [14, 32, 28, 35, 33, 37, 33, 0, 15, 43, 33, 10, 35, 33, 41, 21, 19, 37, 40, 14, 26, 28, 32, 34, 49, 25], [15, 46, 43, 50, 49, 22, 19, 15, 0, 36, 35, 7, 22, 18, 51, 18, 8, 47, 52, 19, 23, 23, 20, 30, 62, 35], [29, 55, 55, 60, 65, 45, 48, 43, 36, 0, 20, 35, 20, 30, 47, 21, 28, 45, 54, 30, 17, 14, 17, 9, 63, 39], [20, 35, 36, 40, 47, 52, 52, 33, 35, 20, 0, 30, 32, 39, 26, 17, 28, 24, 33, 18, 12, 15, 27, 13, 42, 19], [10, 39, 36, 43, 42, 29, 26, 10, 7, 35, 30, 0, 25, 23, 44, 14, 9, 40, 45, 13, 20, 21, 22, 28, 55, 28], [25, 58, 57, 63, 65, 25, 28, 35, 22, 20, 32, 25, 0, 10, 57, 19, 16, 53, 61, 29, 20, 16, 5, 20, 71, 43], [27, 60, 58, 65, 66, 15, 18, 33, 18, 30, 39, 23, 10, 0, 62, 24, 15, 58, 65, 31, 26, 24, 13, 28, 75, 47], [36, 18, 22, 21, 32, 73, 71, 41, 51, 47, 26, 44, 57, 62, 0, 38, 47, 4, 8, 31, 36, 40, 52, 39, 16, 16], [7, 38, 37, 43, 47, 36, 35, 21, 18, 21, 17, 14, 19, 24, 38, 0, 11, 34, 41, 10, 5, 7, 14, 13, 51, 24], [12, 45, 42, 49, 50, 25, 24, 19, 8, 28, 28, 9, 16, 15, 47, 11, 0, 44, 50, 16, 16, 15, 13, 22, 60, 32], [32, 15, 19, 19, 29, 69, 67, 37, 47, 45, 24, 40, 53, 58, 4, 34, 44, 0, 9, 28, 33, 37, 48, 37, 18, 12], [38, 11, 16, 13, 24, 75, 72, 40, 52, 54, 33, 45, 61, 65, 8, 41, 50, 9, 0, 33, 41, 45, 56, 45, 10, 17], [4, 29, 27, 34, 37, 41, 39, 14, 19, 30, 18, 13, 29, 31, 31, 10, 16, 28, 33, 0, 13, 16, 24, 21, 43, 16], [12, 39, 39, 44, 49, 40, 40, 26, 23, 17, 12, 20, 20, 26, 36, 5, 16, 33, 41, 13, 0, 4, 15, 8, 51, 24], [14, 43, 43, 48, 53, 38, 39, 28, 23, 14, 15, 21, 16, 24, 40, 7, 15, 37, 45, 16, 4, 0, 12, 6, 55, 28], [21, 53, 52, 58, 61, 28, 30, 32, 20, 17, 27, 22, 5, 13, 52, 14, 13, 48, 56, 24, 15, 12, 0, 15, 66, 38], [20, 46, 46, 51, 56, 43, 45, 34, 30, 9, 13, 28, 20, 28, 39, 13, 22, 37, 45, 21, 8, 6, 15, 0, 55, 30], [48, 18, 22, 17, 27, 84, 81, 49, 62, 63, 42, 55, 71, 75, 16, 51, 60, 18, 10, 43, 51, 55, 66, 55, 0, 27], [20, 16, 16, 21, 27, 57, 55, 25, 35, 39, 19, 28, 43, 47, 16, 24, 32, 12, 17, 16, 24, 28, 38, 30, 27, 0]]}