{"N": 21, "e": [0, 8, 176, 0, 72, 103, 28, 122, 31, 0, 0, 163, 61, 30, 68, 108, 40, 277, 177, 0, 283], "l": [351, 112, 248, 52, 194, 181, 45, 191, 155, 80, 84, 276, 131, 117, 189, 184, 120, 331, 327, 118, 327], "demands": [0, 0, 0, 0, 0, 0, 0, 0, 0, 0, 0, 0, 0, 0, 0, 0, 0, 0, 0, 0, 0], "service_time": [0, 0, 0, 0, 0, 0, 0, 0, 0, 0, 0, 0, 0, 0, 0, 0, 0, 0, 0, 0, 0], "d": [[0, 22, 30, 2, 16, 13, 9, 21, 23, 7, 10, 27, 19, 17, 20, 16, 29, 20, 20, 24, 22], [22, 0, 27, 23, 37, 28, 19, 37, 1, 15, 13, 11, 35, 12, 35, 26, 16, 22, 37, 6, 16], [30, 27, 0, 29, 46, 43, 36, 52, 28, 25, 22, 17, 50, 35, 51, 17, 43, 10, 51, 21, 11], [2, 23, 29, 0, 16, 14, 11, 22, 24, 8, 11, 27, 20, 19, 21, 14, 31, 19, 21, 25, 21], [16, 37, 46, 16, 0, 11, 18, 10, 38, 23, 26, 43, 9, 28, 12, 29, 38, 35, 8, 40, 38], [13, 28, 43, 14, 11, 0, 8, 9, 29, 18, 21, 36, 7, 18, 7, 29, 27, 33, 9, 32, 33], [9, 19, 36, 11, 18, 8, 0, 17, 20, 11, 13, 28, 15, 10, 15, 25, 21, 27, 18, 24, 26], [21, 37, 52, 22, 10, 9, 17, 0, 38, 27, 30, 46, 2, 26, 3, 36, 35, 41, 2, 42, 43], [23, 1, 28, 24, 38, 29, 20, 38, 0, 17, 14, 12, 36, 12, 35, 28, 15, 24, 38, 7, 17], [7, 15, 25, 8, 23, 18, 11, 27, 17, 0, 3, 19, 25, 14, 26, 14, 25, 15, 27, 17, 15], [10, 13, 22, 11, 26, 21, 13, 30, 14, 3, 0, 16, 28, 14, 29, 14, 25, 14, 30, 14, 12], [27, 11, 17, 27, 43, 36, 28, 46, 12, 19, 16, 0, 44, 23, 44, 24, 27, 17, 46, 5, 9], [19, 35, 50, 20, 9, 7, 15, 2, 36, 25, 28, 44, 0, 24, 2, 34, 33, 39, 3, 39, 41], [17, 12, 35, 19, 28, 18, 10, 26, 12, 14, 14, 23, 24, 0, 24, 28, 12, 28, 27, 17, 24], [20, 35, 51, 21, 12, 7, 15, 3, 35, 26, 29, 44, 2, 24, 0, 36, 32, 40, 5, 39, 41], [16, 26, 17, 14, 29, 29, 25, 36, 28, 14, 14, 24, 34, 28, 36, 0, 39, 8, 35, 24, 15], [29, 16, 43, 31, 38, 27, 21, 35, 15, 25, 25, 27, 33, 12, 32, 39, 0, 37, 36, 22, 32], [20, 22, 10, 19, 35, 33, 27, 41, 24, 15, 14, 17, 39, 28, 40, 8, 37, 0, 40, 19, 8], [20, 37, 51, 21, 8, 9, 18, 2, 38, 27, 30, 46, 3, 27, 5, 35, 36, 40, 0, 42, 42], [24, 6, 21, 25, 40, 32, 24, 42, 7, 17, 14, 5, 39, 17, 39, 24, 22, 19, 42, 0, 11], [22, 16, 11, 21, 38, 33, 26, 43, 17, 15, 12, 9, 41, 24, 41, 15, 32, 8, 42, 11, 0]]}