{"N": 21, "e": [0, 200, 110, 102, 93, 62, 317, 0, 50, 37, 0, 0, 139, 23, 282, 0, 252, 20, 105, 254, 323], "l": [406, 241, 137, 145, 133, 96, 372, 58, 96, 108, 41, 23, 189, 113, 298, 46, 283, 67, 218, 283, 368], "demands": [0, 0, 0, 0, 0, 0, 0, 0, 0, 0, 0, 0, 0, 0, 0, 0, 0, 0, 0, 0, 0], "service_time": [0, 0, 0, 0, 0, 0, 0, 0, 0, 0, 0, 0, 0, 0, 0, 0, 0, 0, 0, 0, 0], "d": [[0, 48, 54, 36, 46, 30, 33, 19, 42, 38, 4, 9, 36, 42, 3, 29, 32, 43, 43, 27, 36], [48, 0, 5, 12, 3, 19, 31, 29, 24, 29, 49, 43, 43, 16, 47, 24, 34, 19, 19, 38, 13], [54, 5, 0, 17, 8, 24, 36, 34, 26, 31, 54, 48, 45, 18, 52, 28, 39, 21, 21, 43, 17], [36, 12, 17, 0, 10, 9, 21, 17, 24, 25, 37, 31, 38, 16, 34, 17, 23, 19, 20, 27, 7], [46, 3, 8, 10, 0, 17, 28, 27, 25, 29, 47, 41, 43, 16, 44, 23, 31, 20, 20, 35, 12], [30, 19, 24, 9, 17, 0, 24, 12, 19, 19, 31, 26, 29, 14, 28, 8, 26, 16, 17, 27, 6], [33, 31, 36, 21, 28, 24, 0, 19, 43, 43, 31, 24, 52, 37, 30, 32, 3, 40, 41, 9, 28], [19, 29, 34, 17, 27, 12, 19, 0, 29, 27, 20, 14, 34, 26, 17, 16, 19, 28, 29, 18, 18], [42, 24, 26, 24, 25, 19, 43, 29, 0, 6, 45, 42, 20, 8, 42, 14, 45, 5, 5, 47, 16], [38, 29, 31, 25, 29, 19, 43, 27, 6, 0, 41, 38, 14, 13, 38, 11, 45, 10, 10, 45, 18], [4, 49, 54, 37, 47, 31, 31, 20, 45, 41, 0, 6, 40, 43, 3, 31, 29, 45, 46, 24, 38], [9, 43, 48, 31, 41, 26, 24, 14, 42, 38, 6, 0, 40, 39, 6, 28, 23, 41, 42, 18, 32], [36, 43, 45, 38, 43, 29, 52, 34, 20, 14, 40, 40, 0, 27, 37, 21, 53, 24, 25, 52, 31], [42, 16, 18, 16, 16, 14, 37, 26, 8, 13, 43, 39, 27, 0, 41, 13, 39, 3, 4, 41, 8], [3, 47, 52, 34, 44, 28, 30, 17, 42, 38, 3, 6, 37, 41, 0, 28, 29, 42, 43, 24, 35], [29, 24, 28, 17, 23, 8, 32, 16, 14, 11, 31, 28, 21, 13, 28, 0, 33, 13, 14, 34, 11], [32, 34, 39, 23, 31, 26, 3, 19, 45, 45, 29, 23, 53, 39, 29, 33, 0, 42, 43, 6, 30], [43, 19, 21, 19, 20, 16, 40, 28, 5, 10, 45, 41, 24, 3, 42, 13, 42, 0, 1, 44, 12], [43, 19, 21, 20, 20, 17, 41, 29, 5, 10, 46, 42, 25, 4, 43, 14, 43, 1, 0, 45, 13], [27, 38, 43, 27, 35, 27, 9, 18, 47, 45, 24, 18, 52, 41, 24, 34, 6, 44, 45, 0, 32], [36, 13, 17, 7, 12, 6, 28, 18, 16, 18, 38, 32, 31, 8, 35, 11, 30, 12, 13, 32, 0]]}