{"N": 21, "e": [0, 23, 171, 85, 68, 0, 308, 109, 46, 76, 193, 143, 351, 23, 118, 110, 46, 127, 242, 2, 292], "l": [417, 40, 177, 115, 76, 20, 337, 119, 68, 102, 222, 160, 374, 38, 149, 141, 85, 142, 268, 26, 305], "demands": [0, 0, 0, 0, 0, 0, 0, 0, 0, 0, 0, 0, 0, 0, 0, 0, 0, 0, 0, 0, 0], "service_time": [0, 0, 0, 0, 0, 0, 0, 0, 0, 0, 0, 0, 0, 0, 0, 0, 0, 0, 0, 0, 0], "d": [[0, 21, 30, 21, 34, 3, 2, 32, 36, 36, 40, 45, 42, 9, 34, 32, 40, 40, 64, 9, 20], [21, 0, 23, 10, 23, 24, 21, 30, 17, 20, 19, 47, 44, 12, 36, 34, 25, 41, 53, 27, 5], [30, 23, 0, 13, 6, 31, 31, 9, 18, 13, 29, 26, 23, 23, 16, 15, 14, 20, 34, 29, 18], [21, 10, 13, 0, 15, 23, 21, 20, 16, 15, 22, 37, 34, 12, 26, 24, 19, 31, 45, 24, 5], [34, 23, 6, 15, 0, 36, 36, 14, 14, 9, 25, 29, 27, 26, 21, 21, 8, 24, 30, 34, 19], [3, 24, 31, 23, 36, 0, 4, 32, 39, 38, 43, 45, 42, 12, 34, 31, 42, 40, 65, 7, 23], [2, 21, 31, 21, 36, 4, 0, 34, 37, 37, 40, 47, 44, 9, 36, 33, 41, 42, 65, 11, 20], [32, 30, 9, 20, 14, 32, 34, 0, 28, 23, 38, 17, 14, 27, 6, 6, 22, 10, 34, 28, 25], [36, 17, 18, 16, 14, 39, 37, 28, 0, 5, 11, 44, 41, 27, 34, 34, 10, 38, 38, 40, 16], [36, 20, 13, 15, 9, 38, 37, 23, 5, 0, 16, 39, 36, 27, 30, 29, 5, 33, 34, 38, 17], [40, 19, 29, 22, 25, 43, 40, 38, 11, 16, 0, 55, 52, 31, 45, 44, 20, 49, 48, 45, 20], [45, 47, 26, 37, 29, 45, 47, 17, 44, 39, 55, 0, 3, 43, 12, 14, 36, 6, 35, 39, 42], [42, 44, 23, 34, 27, 42, 44, 14, 41, 36, 52, 3, 0, 40, 9, 11, 34, 3, 35, 36, 39], [9, 12, 23, 12, 26, 12, 9, 27, 27, 27, 31, 43, 40, 0, 31, 29, 31, 37, 57, 15, 11], [34, 36, 16, 26, 21, 34, 36, 6, 34, 30, 45, 12, 9, 31, 0, 2, 29, 6, 37, 28, 31], [32, 34, 15, 24, 21, 31, 33, 6, 34, 29, 44, 14, 11, 29, 2, 0, 29, 8, 38, 26, 29], [40, 25, 14, 19, 8, 42, 41, 22, 10, 5, 20, 36, 34, 31, 29, 29, 0, 31, 29, 41, 21], [40, 41, 20, 31, 24, 40, 42, 10, 38, 33, 49, 6, 3, 37, 6, 8, 31, 0, 34, 34, 36], [64, 53, 34, 45, 30, 65, 65, 34, 38, 34, 48, 35, 35, 57, 37, 38, 29, 34, 0, 62, 49], [9, 27, 29, 24, 34, 7, 11, 28, 40, 38, 45, 39, 36, 15, 28, 26, 41, 34, 62, 0, 25], [20, 5, 18, 5, 19, 23, 20, 25, 16, 17, 20, 42, 39, 11, 31, 29, 21, 36, 49, 25, 0]]}