{"N": 21, "e": [0, 154, 69, 205, 272, 107, 16, 2, 19, 86, 305, 189, 95, 88, 168, 0, 30, 102, 97, 0, 250], "l": [334, 183, 110, 275, 303, 150, 29, 55, 81, 104, 311, 247, 145, 106, 187, 15, 65, 126, 137, 29, 265], "demands": [0, 0, 0, 0, 0, 0, 0, 0, 0, 0, 0, 0, 0, 0, 0, 0, 0, 0, 0, 0, 0], "service_time": [0, 0, 0, 0, 0, 0, 0, 0, 0, 0, 0, 0, 0, 0, 0, 0, 0, 0, 0, 0, 0], "d": [[0, 31, 33, 28, 31, 38, 23, 26, 41, 35, 20, 3, 36, 37, 22, 3, 35, 34, 36, 11, 26], [31, 0, 41, 3, 51, 30, 50, 45, 63, 34, 32, 30, 28, 32, 9, 31, 55, 40, 29, 39, 22], [33, 41, 0, 40, 18, 19, 28, 14, 26, 11, 13, 30, 19, 15, 36, 30, 19, 2, 17, 27, 19], [28, 3, 40, 0, 49, 30, 48, 43, 60, 33, 30, 27, 28, 32, 6, 28, 53, 39, 29, 36, 21], [31, 51, 18, 49, 0, 37, 13, 6, 11, 29, 19, 28, 36, 33, 43, 28, 4, 20, 34, 20, 32], [38, 30, 19, 30, 37, 0, 44, 32, 46, 8, 22, 36, 2, 4, 28, 37, 38, 18, 3, 38, 12], [23, 50, 28, 48, 13, 44, 0, 14, 20, 37, 23, 21, 43, 41, 42, 21, 17, 30, 41, 12, 36], [26, 45, 14, 43, 6, 32, 14, 0, 17, 24, 13, 23, 31, 28, 37, 23, 10, 16, 29, 16, 26], [41, 63, 26, 60, 11, 46, 20, 17, 0, 38, 30, 38, 46, 42, 55, 38, 8, 28, 43, 29, 43], [35, 34, 11, 33, 29, 8, 37, 24, 38, 0, 16, 32, 8, 4, 31, 33, 30, 9, 6, 33, 13], [20, 32, 13, 30, 19, 22, 23, 13, 30, 16, 0, 17, 20, 19, 25, 17, 22, 13, 18, 16, 13], [3, 30, 30, 27, 28, 36, 21, 23, 38, 32, 17, 0, 34, 34, 21, 1, 32, 31, 33, 9, 23], [36, 28, 19, 28, 36, 2, 43, 31, 46, 8, 20, 34, 0, 5, 26, 35, 38, 17, 2, 36, 10], [37, 32, 15, 32, 33, 4, 41, 28, 42, 4, 19, 34, 5, 0, 30, 35, 34, 13, 3, 35, 12], [22, 9, 36, 6, 43, 28, 42, 37, 55, 31, 25, 21, 26, 30, 0, 22, 47, 35, 27, 30, 18], [3, 31, 30, 28, 28, 37, 21, 23, 38, 33, 17, 1, 35, 35, 22, 0, 32, 31, 34, 9, 24], [35, 55, 19, 53, 4, 38, 17, 10, 8, 30, 22, 32, 38, 34, 47, 32, 0, 21, 36, 24, 34], [34, 40, 2, 39, 20, 18, 30, 16, 28, 9, 13, 31, 17, 13, 35, 31, 21, 0, 15, 28, 18], [36, 29, 17, 29, 34, 3, 41, 29, 43, 6, 18, 33, 2, 3, 27, 34, 36, 15, 0, 35, 10], [11, 39, 27, 36, 20, 38, 12, 16, 29, 33, 16, 9, 36, 35, 30, 9, 24, 28, 35, 0, 27], [26, 22, 19, 21, 32, 12, 36, 26, 43, 13, 13, 23, 10, 12, 18, 24, 34, 18, 10, 27, 0]]}