{"N": 21, "e": [0, 0, 153, 61, 0, 0, 87, 15, 64, 267, 24, 48, 49, 0, 211, 38, 140, 0, 0, 62, 228], "l": [457, 95, 319, 200, 149, 114, 243, 124, 239, 405, 172, 158, 201, 61, 341, 176, 271, 120, 115, 202, 354], "demands": [0, 0, 0, 0, 0, 0, 0, 0, 0, 0, 0, 0, 0, 0, 0, 0, 0, 0, 0, 0, 0], "service_time": [0, 0, 0, 0, 0, 0, 0, 0, 0, 0, 0, 0, 0, 0, 0, 0, 0, 0, 0, 0, 0], "d": [[0, 30, 47, 30, 23, 23, 27, 26, 28, 52, 26, 19, 43, 7, 39, 26, 12, 20, 33, 30, 3], [30, 0, 38, 39, 8, 8, 17, 18, 36, 45, 9, 27, 47, 33, 48, 37, 21, 14, 7, 34, 29], [47, 38, 0, 24, 36, 41, 23, 24, 23, 7, 30, 28, 18, 54, 25, 26, 47, 31, 31, 18, 44], [30, 39, 24, 0, 32, 37, 22, 21, 3, 26, 29, 13, 13, 38, 10, 3, 36, 25, 35, 6, 26], [23, 8, 36, 32, 0, 5, 13, 13, 29, 43, 5, 20, 42, 26, 42, 30, 14, 7, 10, 28, 21], [23, 8, 41, 37, 5, 0, 18, 18, 34, 48, 10, 24, 47, 25, 47, 35, 13, 12, 13, 33, 22], [27, 17, 23, 22, 13, 18, 0, 2, 19, 29, 8, 13, 29, 33, 31, 21, 24, 8, 12, 17, 25], [26, 18, 24, 21, 13, 18, 2, 0, 18, 30, 8, 12, 29, 31, 30, 20, 23, 7, 13, 16, 23], [28, 36, 23, 3, 29, 34, 19, 18, 0, 26, 26, 10, 15, 35, 13, 3, 33, 22, 32, 5, 24], [52, 45, 7, 26, 43, 48, 29, 30, 26, 0, 37, 32, 17, 59, 25, 29, 53, 37, 38, 22, 48], [26, 9, 30, 29, 5, 10, 8, 8, 26, 37, 0, 18, 37, 30, 39, 28, 19, 6, 7, 24, 24], [19, 27, 28, 13, 20, 24, 13, 12, 10, 32, 18, 0, 24, 27, 23, 10, 23, 13, 25, 11, 16], [43, 47, 18, 13, 42, 47, 29, 29, 15, 17, 37, 24, 0, 50, 8, 16, 48, 35, 41, 14, 39], [7, 33, 54, 38, 26, 25, 33, 31, 35, 59, 30, 27, 50, 0, 47, 34, 12, 25, 36, 38, 11], [39, 48, 25, 10, 42, 47, 31, 30, 13, 25, 39, 23, 8, 47, 0, 13, 46, 35, 43, 14, 36], [26, 37, 26, 3, 30, 35, 21, 20, 3, 29, 28, 10, 16, 34, 13, 0, 33, 23, 33, 8, 23], [12, 21, 47, 36, 14, 13, 24, 23, 33, 53, 19, 23, 48, 12, 46, 33, 0, 16, 25, 34, 13], [20, 14, 31, 25, 7, 12, 8, 7, 22, 37, 6, 13, 35, 25, 35, 23, 16, 0, 13, 21, 18], [33, 7, 31, 35, 10, 13, 12, 13, 32, 38, 7, 25, 41, 36, 43, 33, 25, 13, 0, 29, 31], [30, 34, 18, 6, 28, 33, 17, 16, 5, 22, 24, 11, 14, 38, 14, 8, 34, 21, 29, 0, 27], [3, 29, 44, 26, 21, 22, 25, 23, 24, 48, 24, 16, 39, 11, 36, 23, 13, 18, 31, 27, 0]]}