{"N": 21, "e": [0, 0, 197, 11, 0, 46, 103, 0, 0, 57, 25, 106, 0, 201, 104, 0, 141, 18, 0, 0, 177], "l": [371, 96, 347, 139, 106, 175, 262, 162, 132, 189, 191, 254, 125, 351, 246, 127, 293, 179, 91, 62, 337], "demands": [0, 0, 0, 0, 0, 0, 0, 0, 0, 0, 0, 0, 0, 0, 0, 0, 0, 0, 0, 0, 0], "service_time": [0, 0, 0, 0, 0, 0, 0, 0, 0, 0, 0, 0, 0, 0, 0, 0, 0, 0, 0, 0, 0], "d": [[0, 31, 24, 42, 6, 49, 23, 43, 26, 42, 40, 37, 25, 10, 21, 35, 23, 39, 11, 3, 31], [31, 0, 42, 26, 27, 38, 44, 21, 6, 41, 22, 44, 12, 21, 35, 15, 11, 24, 23, 28, 13], [24, 42, 0, 38, 29, 38, 3, 42, 36, 25, 38, 16, 31, 29, 7, 37, 31, 36, 33, 24, 34], [42, 26, 38, 0, 42, 12, 41, 8, 24, 21, 4, 29, 20, 36, 31, 11, 22, 2, 41, 40, 14], [6, 27, 29, 42, 0, 50, 29, 41, 22, 44, 40, 41, 23, 6, 26, 33, 21, 39, 5, 5, 30], [49, 38, 38, 12, 50, 0, 41, 19, 35, 15, 16, 26, 30, 45, 33, 23, 32, 14, 50, 47, 25], [23, 44, 3, 41, 29, 41, 0, 45, 38, 28, 41, 19, 33, 30, 10, 39, 33, 39, 33, 24, 37], [43, 21, 42, 8, 41, 19, 45, 0, 20, 29, 5, 36, 18, 35, 35, 8, 20, 7, 40, 40, 11], [26, 6, 36, 24, 22, 35, 38, 20, 0, 36, 20, 38, 6, 16, 29, 13, 5, 21, 20, 23, 9], [42, 41, 25, 21, 44, 15, 28, 29, 36, 0, 24, 11, 30, 41, 21, 28, 32, 21, 46, 40, 28], [40, 22, 38, 4, 40, 16, 41, 5, 20, 24, 0, 31, 16, 34, 31, 7, 19, 2, 38, 38, 10], [37, 44, 16, 29, 41, 26, 19, 36, 38, 11, 31, 0, 32, 39, 15, 33, 34, 29, 44, 36, 33], [25, 12, 31, 20, 23, 30, 33, 18, 6, 30, 16, 32, 0, 17, 23, 10, 2, 17, 21, 22, 6], [10, 21, 29, 36, 6, 45, 30, 35, 16, 41, 34, 39, 17, 0, 24, 27, 15, 33, 5, 7, 23], [21, 35, 7, 31, 26, 33, 10, 35, 29, 21, 31, 15, 23, 24, 0, 29, 24, 29, 29, 21, 27], [35, 15, 37, 11, 33, 23, 39, 8, 13, 28, 7, 33, 10, 27, 29, 0, 12, 9, 32, 32, 3], [23, 11, 31, 22, 21, 32, 33, 20, 5, 32, 19, 34, 2, 15, 24, 12, 0, 19, 19, 20, 8], [39, 24, 36, 2, 39, 14, 39, 7, 21, 21, 2, 29, 17, 33, 29, 9, 19, 0, 38, 37, 11], [11, 23, 33, 41, 5, 50, 33, 40, 20, 46, 38, 44, 21, 5, 29, 32, 19, 38, 0, 9, 28], [3, 28, 24, 40, 5, 47, 24, 40, 23, 40, 38, 36, 22, 7, 21, 32, 20, 37, 9, 0, 28], [31, 13, 34, 14, 30, 25, 37, 11, 9, 28, 10, 33, 6, 23, 27, 3, 8, 11, 28, 28, 0]]}