{"N": 21, "e": [0, 226, 75, 57, 91, 93, 169, 0, 38, 123, 83, 0, 256, 34, 148, 120, 7, 76, 0, 0, 218], "l": [425, 347, 206, 177, 219, 215, 281, 90, 159, 235, 205, 71, 379, 149, 269, 234, 117, 192, 105, 70, 333], "demands": [0, 0, 0, 0, 0, 0, 0, 0, 0, 0, 0, 0, 0, 0, 0, 0, 0, 0, 0, 0, 0], "service_time": [0, 0, 0, 0, 0, 0, 0, 0, 0, 0, 0, 0, 0, 0, 0, 0, 0, 0, 0, 0, 0], "d": [[0, 27, 21, 26, 20, 22, 25, 16, 27, 20, 20, 7, 46, 11, 25, 30, 22, 29, 23, 11, 22], [27, 0, 21, 7, 28, 24, 46, 30, 1, 38, 25, 20, 43, 16, 29, 39, 22, 10, 10, 18, 10], [21, 21, 0, 26, 8, 3, 28, 35, 20, 20, 5, 20, 26, 14, 8, 18, 33, 15, 26, 12, 25], [26, 7, 26, 0, 33, 29, 48, 25, 8, 41, 30, 19, 49, 17, 34, 44, 16, 17, 5, 20, 5], [20, 28, 8, 33, 0, 6, 20, 36, 28, 12, 3, 21, 25, 17, 5, 11, 37, 23, 32, 14, 31], [22, 24, 3, 29, 6, 0, 26, 36, 23, 18, 3, 21, 24, 16, 5, 15, 36, 17, 29, 14, 28], [25, 46, 28, 48, 20, 26, 0, 40, 45, 7, 23, 31, 39, 31, 23, 19, 47, 43, 45, 28, 44], [16, 30, 35, 25, 36, 36, 40, 0, 31, 37, 35, 15, 60, 21, 40, 46, 11, 36, 20, 22, 20], [27, 1, 20, 8, 28, 23, 45, 31, 0, 38, 24, 20, 41, 16, 28, 38, 23, 8, 12, 18, 11], [20, 38, 20, 41, 12, 18, 7, 37, 38, 0, 15, 26, 33, 24, 16, 13, 42, 35, 39, 21, 38], [20, 25, 5, 30, 3, 3, 23, 35, 24, 15, 0, 20, 25, 15, 5, 14, 35, 20, 29, 13, 28], [7, 20, 20, 19, 21, 21, 31, 15, 20, 26, 20, 0, 46, 6, 25, 33, 16, 24, 15, 7, 14], [46, 43, 26, 49, 25, 24, 39, 60, 41, 33, 25, 46, 0, 40, 21, 20, 59, 33, 51, 38, 50], [11, 16, 14, 17, 17, 16, 31, 21, 16, 24, 15, 6, 40, 0, 20, 29, 20, 18, 15, 3, 14], [25, 29, 8, 34, 5, 5, 23, 40, 28, 16, 5, 25, 21, 20, 0, 10, 40, 22, 33, 18, 32], [30, 39, 18, 44, 11, 15, 19, 46, 38, 13, 14, 33, 20, 29, 10, 0, 49, 32, 43, 26, 42], [22, 22, 33, 16, 37, 36, 47, 11, 23, 42, 35, 16, 59, 20, 40, 49, 0, 30, 11, 22, 11], [29, 10, 15, 17, 23, 17, 43, 36, 8, 35, 20, 24, 33, 18, 22, 32, 30, 0, 20, 18, 19], [23, 10, 26, 5, 32, 29, 45, 20, 12, 39, 29, 15, 51, 15, 33, 43, 11, 20, 0, 18, 1], [11, 18, 12, 20, 14, 14, 28, 22, 18, 21, 13, 7, 38, 3, 18, 26, 22, 18, 18, 0, 17], [22, 10, 25, 5, 31, 28, 44, 20, 11, 38, 28, 14, 50, 14, 32, 42, 11, 19, 1, 17, 0]]}