{"N": 21, "e": [0, 0, 155, 0, 0, 0, 0, 0, 162, 104, 0, 0, 70, 34, 3, 101, 39, 269, 272, 0, 195], "l": [486, 124, 307, 137, 117, 153, 126, 142, 307, 286, 72, 129, 272, 170, 205, 232, 232, 401, 446, 110, 381], "demands": [0, 0, 0, 0, 0, 0, 0, 0, 0, 0, 0, 0, 0, 0, 0, 0, 0, 0, 0, 0, 0], "service_time": [0, 0, 0, 0, 0, 0, 0, 0, 0, 0, 0, 0, 0, 0, 0, 0, 0, 0, 0, 0, 0], "d": [[0, 15, 8, 32, 18, 15, 35, 29, 32, 28, 7, 20, 24, 3, 19, 25, 9, 33, 39, 7, 31], [15, 0, 22, 18, 8, 6, 21, 14, 25, 35, 14, 13, 30, 13, 15, 25, 17, 19, 33, 8, 31], [8, 22, 0, 40, 26, 23, 43, 36, 33, 22, 15, 29, 18, 8, 27, 22, 15, 41, 39, 13, 27], [32, 18, 40, 0, 14, 16, 6, 8, 36, 53, 28, 15, 48, 31, 19, 42, 31, 2, 43, 26, 47], [18, 8, 26, 14, 0, 2, 19, 13, 33, 43, 14, 5, 38, 18, 8, 33, 17, 16, 41, 13, 39], [15, 6, 23, 16, 2, 0, 21, 15, 32, 40, 12, 7, 35, 15, 9, 31, 15, 18, 39, 10, 37], [35, 21, 43, 6, 19, 21, 0, 7, 34, 54, 33, 20, 49, 34, 25, 41, 36, 4, 40, 29, 46], [29, 14, 36, 8, 13, 15, 7, 0, 28, 47, 27, 17, 42, 27, 21, 35, 30, 7, 35, 22, 39], [32, 25, 33, 36, 33, 32, 34, 28, 0, 28, 36, 38, 25, 29, 41, 14, 40, 36, 7, 27, 15], [28, 35, 22, 53, 43, 40, 54, 47, 28, 0, 35, 46, 5, 26, 47, 14, 37, 54, 31, 29, 14], [7, 14, 15, 28, 14, 12, 33, 27, 36, 35, 0, 14, 31, 10, 12, 31, 3, 30, 44, 9, 37], [20, 13, 29, 15, 5, 7, 20, 17, 38, 46, 14, 0, 42, 21, 4, 38, 16, 17, 46, 17, 44], [24, 30, 18, 48, 38, 35, 49, 42, 25, 5, 31, 42, 0, 21, 42, 11, 33, 49, 28, 25, 12], [3, 13, 8, 31, 18, 15, 34, 27, 29, 26, 10, 21, 21, 0, 21, 21, 12, 33, 36, 5, 27], [19, 15, 27, 19, 8, 9, 25, 21, 41, 47, 12, 4, 42, 21, 0, 40, 13, 21, 49, 17, 46], [25, 25, 22, 42, 33, 31, 41, 35, 14, 14, 31, 38, 11, 21, 40, 0, 34, 42, 18, 23, 6], [9, 17, 15, 31, 17, 15, 36, 30, 40, 37, 3, 16, 33, 12, 13, 34, 0, 33, 47, 12, 40], [33, 19, 41, 2, 16, 18, 4, 7, 36, 54, 30, 17, 49, 33, 21, 42, 33, 0, 42, 27, 47], [39, 33, 39, 43, 41, 39, 40, 35, 7, 31, 44, 46, 28, 36, 49, 18, 47, 42, 0, 34, 17], [7, 8, 13, 26, 13, 10, 29, 22, 27, 29, 9, 17, 25, 5, 17, 23, 12, 27, 34, 0, 29], [31, 31, 27, 47, 39, 37, 46, 39, 15, 14, 37, 44, 12, 27, 46, 6, 40, 47, 17, 29, 0]]}