{"N": 28, "e": [0, 674, 401, 535, 138, 78, 132, 252, 50, 71, 655, 377, 531, 405, 629, 197, 39, 298, 613, 817, 332, 164, 310, 389, 311, 457, 789, 338], "l": [960, 734, 461, 622, 273, 339, 375, 359, 530, 208, 778, 857, 736, 465, 689, 257, 316, 358, 730, 942, 497, 644, 507, 449, 526, 937, 928, 398], "demands": [0, 40, 20, 30, 20, 10, 10, 10, 20, 10, 20, 10, 20, 5, 16, 3, 6, 9, 21, 13, 10, 2, 28, 13, 6, 13, 3, 15], "service_time": [0, 10, 10, 10, 10, 10, 10, 10, 10, 10, 10, 10, 10, 10, 10, 10, 10, 10, 10, 10, 10, 10, 10, 10, 10, 10, 10, 10], "d": [[0, 36, 33, 31, 57, 55, 52, 52, 50, 51, 44, 40, 38, 20, 14, 29, 39, 25, 10, 7, 12, 35, 32, 38, 4, 12, 21, 20], [36, 0, 46, 41, 87, 87, 83, 84, 81, 85, 47, 45, 35, 30, 22, 63, 75, 58, 28, 42, 36, 71, 56, 56, 37, 47, 49, 45], [33, 46, 0, 5, 85, 82, 80, 78, 78, 75, 75, 72, 67, 18, 32, 55, 57, 54, 39, 38, 45, 54, 15, 11, 29, 39, 53, 16], [31, 41, 5, 0, 85, 82, 80, 78, 78, 76, 72, 69, 63, 14, 28, 55, 58, 54, 36, 37, 42, 55, 19, 16, 27, 39, 52, 16], [57, 87, 85, 85, 0, 5, 5, 8, 7, 14, 57, 55, 64, 76, 69, 30, 33, 31, 60, 49, 51, 34, 74, 83, 59, 46, 38, 69], [55, 87, 82, 82, 5, 0, 5, 4, 6, 8, 60, 58, 66, 74, 68, 27, 28, 30, 60, 48, 51, 29, 71, 80, 57, 44, 38, 66], [52, 83, 80, 80, 5, 5, 0, 5, 2, 11, 55, 53, 61, 71, 65, 25, 29, 26, 55, 44, 47, 29, 69, 78, 54, 41, 33, 64], [52, 84, 78, 78, 8, 4, 5, 0, 5, 5, 58, 56, 64, 70, 65, 23, 25, 26, 56, 44, 48, 25, 67, 76, 53, 40, 34, 62], [50, 81, 78, 78, 7, 6, 2, 5, 0, 10, 54, 52, 59, 69, 63, 23, 27, 25, 54, 42, 45, 27, 67, 76, 52, 39, 31, 62], [51, 85, 75, 76, 14, 8, 11, 5, 10, 0, 62, 60, 67, 69, 65, 22, 20, 27, 57, 43, 48, 22, 64, 73, 52, 39, 36, 59], [44, 47, 75, 72, 57, 60, 55, 58, 54, 62, 0, 3, 12, 58, 44, 50, 65, 43, 36, 42, 32, 62, 76, 82, 48, 46, 33, 64], [40, 45, 72, 69, 55, 58, 53, 56, 52, 60, 3, 0, 10, 55, 41, 47, 62, 40, 33, 39, 28, 59, 72, 78, 44, 43, 30, 61], [38, 35, 67, 63, 64, 66, 61, 64, 59, 67, 12, 10, 0, 49, 35, 50, 65, 43, 29, 38, 27, 62, 69, 74, 42, 43, 33, 57], [20, 30, 18, 14, 76, 74, 71, 70, 69, 69, 58, 55, 49, 0, 14, 47, 54, 44, 22, 27, 30, 50, 26, 27, 17, 30, 41, 16], [14, 22, 32, 28, 69, 68, 65, 65, 63, 65, 44, 41, 35, 14, 0, 43, 53, 38, 10, 21, 19, 49, 37, 40, 14, 26, 32, 25], [29, 63, 55, 55, 30, 27, 25, 23, 23, 22, 50, 47, 50, 47, 43, 0, 15, 7, 35, 21, 28, 12, 45, 54, 30, 17, 17, 39], [39, 75, 57, 58, 33, 28, 29, 25, 27, 20, 65, 62, 65, 54, 53, 15, 0, 22, 47, 32, 41, 3, 44, 53, 38, 27, 32, 41], [25, 58, 54, 54, 31, 30, 26, 26, 25, 27, 43, 40, 43, 44, 38, 7, 22, 0, 30, 17, 21, 19, 46, 55, 27, 15, 10, 38], [10, 28, 39, 36, 60, 60, 55, 56, 54, 57, 36, 33, 29, 22, 10, 35, 47, 30, 0, 14, 9, 43, 40, 45, 13, 20, 22, 28], [7, 42, 38, 37, 49, 48, 44, 44, 42, 43, 42, 39, 38, 27, 21, 21, 32, 17, 14, 0, 11, 28, 34, 41, 10, 5, 14, 24], [12, 36, 45, 42, 51, 51, 47, 48, 45, 48, 32, 28, 27, 30, 19, 28, 41, 21, 9, 11, 0, 37, 44, 50, 16, 16, 13, 32], [35, 71, 54, 55, 34, 29, 29, 25, 27, 22, 62, 59, 62, 50, 49, 12, 3, 19, 43, 28, 37, 0, 42, 51, 35, 23, 29, 38], [32, 56, 15, 19, 74, 71, 69, 67, 67, 64, 76, 72, 69, 26, 37, 45, 44, 46, 40, 34, 44, 42, 0, 9, 28, 33, 48, 12], [38, 56, 11, 16, 83, 80, 78, 76, 76, 73, 82, 78, 74, 27, 40, 54, 53, 55, 45, 41, 50, 51, 9, 0, 33, 41, 56, 17], [4, 37, 29, 27, 59, 57, 54, 53, 52, 52, 48, 44, 42, 17, 14, 30, 38, 27, 13, 10, 16, 35, 28, 33, 0, 13, 24, 16], [12, 47, 39, 39, 46, 44, 41, 40, 39, 39, 46, 43, 43, 30, 26, 17, 27, 15, 20, 5, 16, 23, 33, 41, 13, 0, 15, 24], [21, 49, 53, 52, 38, 38, 33, 34, 31, 36, 33, 30, 33, 41, 32, 17, 32, 10, 22, 14, 13, 29, 48, 56, 24, 15, 0, 38], [20, 45, 16, 16, 69, 66, 64, 62, 62, 59, 64, 61, 57, 16, 25, 39, 41, 38, 28, 24, 32, 38, 12, 17, 16, 24, 38, 0]]}