{"N": 14, "e": [0, 0, 0, 0, 0, 0, 195, 174, 255, 37, 105, 0, 0, 308], "l": [960, 911, 919, 910, 909, 914, 315, 294, 375, 157, 225, 932, 934, 428], "demands": [0, 20, 30, 10, 20, 20, 40, 20, 20, 10, 10, 23, 26, 15], "service_time": [0, 10, 10, 10, 10, 10, 10, 10, 10, 10, 10, 10, 10, 10], "d": [[0, 38, 30, 39, 40, 35, 33, 39, 41, 37, 38, 17, 15, 20], [38, 0, 10, 3, 5, 14, 48, 50, 51, 5, 46, 48, 43, 50], [30, 10, 0, 10, 10, 7, 37, 40, 41, 7, 36, 44, 39, 40], [39, 3, 10, 0, 2, 12, 47, 49, 50, 3, 44, 50, 45, 50], [40, 5, 10, 2, 0, 11, 46, 48, 49, 3, 43, 52, 46, 50], [35, 14, 7, 12, 11, 0, 35, 37, 38, 8, 32, 49, 45, 41], [33, 48, 37, 47, 46, 35, 0, 6, 8, 43, 7, 49, 49, 18], [39, 50, 40, 49, 48, 37, 6, 0, 2, 45, 5, 55, 54, 24], [41, 51, 41, 50, 49, 38, 8, 2, 0, 46, 5, 57, 56, 26], [37, 5, 7, 3, 3, 8, 43, 45, 46, 0, 41, 50, 44, 47], [38, 46, 36, 44, 43, 32, 7, 5, 5, 41, 0, 55, 53, 26], [17, 48, 44, 50, 52, 49, 49, 55, 57, 50, 55, 0, 6, 33], [15, 43, 39, 45, 46, 45, 49, 54, 56, 44, 53, 6, 0, 34], [20, 50, 40, 50, 50, 41, 18, 24, 26, 47, 26, 33, 34, 0]]}