{"N": 19, "e": [0, 388, 367, 0, 278, 329, 376, 217, 0, 191, 11, 157, 0, 0, 260, 0, 0, 14, 0], "l": [960, 508, 487, 914, 398, 449, 496, 337, 923, 311, 131, 277, 917, 930, 380, 945, 937, 134, 935], "demands": [0, 20, 10, 10, 30, 30, 20, 10, 23, 17, 16, 27, 28, 14, 19, 6, 13, 14, 9], "service_time": [0, 10, 10, 10, 10, 10, 10, 10, 10, 10, 10, 10, 10, 10, 10, 10, 10, 10, 10], "d": [[0, 33, 39, 35, 37, 40, 30, 35, 26, 20, 11, 9, 32, 19, 17, 4, 12, 14, 14], [33, 0, 5, 63, 44, 43, 40, 37, 51, 52, 38, 26, 51, 47, 18, 33, 45, 47, 24], [39, 5, 0, 68, 47, 45, 43, 40, 57, 58, 44, 32, 56, 53, 23, 39, 50, 53, 30], [35, 63, 68, 0, 69, 73, 63, 69, 12, 16, 25, 37, 19, 16, 45, 32, 29, 31, 38], [37, 44, 47, 69, 0, 5, 6, 7, 63, 52, 48, 41, 69, 55, 43, 41, 40, 38, 45], [40, 43, 45, 73, 5, 0, 10, 5, 67, 57, 51, 43, 72, 58, 45, 44, 44, 42, 47], [30, 40, 43, 63, 6, 10, 0, 7, 57, 46, 41, 35, 63, 48, 38, 35, 34, 32, 39], [35, 37, 40, 69, 7, 5, 7, 0, 62, 52, 46, 38, 67, 54, 39, 39, 40, 39, 41], [26, 51, 57, 12, 63, 67, 57, 62, 0, 15, 15, 27, 9, 9, 33, 23, 25, 29, 27], [20, 52, 58, 16, 52, 57, 46, 52, 15, 0, 14, 26, 24, 8, 35, 18, 12, 15, 29], [11, 38, 44, 25, 48, 51, 41, 46, 15, 14, 0, 12, 21, 9, 21, 7, 14, 18, 15], [9, 26, 32, 37, 41, 43, 35, 38, 27, 26, 12, 0, 29, 21, 9, 7, 20, 23, 5], [32, 51, 56, 19, 69, 72, 63, 67, 9, 24, 21, 29, 0, 17, 34, 28, 33, 37, 28], [19, 47, 53, 16, 55, 58, 48, 54, 9, 8, 9, 21, 17, 0, 29, 16, 16, 20, 23], [17, 18, 23, 45, 43, 45, 38, 39, 33, 35, 21, 9, 34, 29, 0, 17, 29, 32, 6], [4, 33, 39, 32, 41, 44, 35, 39, 23, 18, 7, 7, 28, 16, 17, 0, 13, 16, 12], [12, 45, 50, 29, 40, 44, 34, 40, 25, 12, 14, 20, 33, 16, 29, 13, 0, 4, 25], [14, 47, 53, 31, 38, 42, 32, 39, 29, 15, 18, 23, 37, 20, 32, 16, 4, 0, 28], [14, 24, 30, 38, 45, 47, 39, 41, 27, 29, 15, 5, 28, 23, 6, 12, 25, 28, 0]]}