{"N": 15, "e": [0, 0, 0, 0, 0, 195, 174, 0, 0, 37, 0, 0, 0, 0, 308], "l": [960, 911, 910, 909, 914, 315, 294, 908, 911, 157, 912, 934, 910, 935, 428], "demands": [0, 20, 10, 20, 20, 40, 20, 20, 20, 10, 10, 9, 5, 9, 15], "service_time": [0, 10, 10, 10, 10, 10, 10, 10, 10, 10, 10, 10, 10, 10, 10], "d": [[0, 38, 39, 40, 35, 33, 39, 41, 38, 37, 37, 15, 39, 14, 20], [38, 0, 3, 5, 14, 48, 50, 51, 30, 5, 8, 28, 33, 42, 50], [39, 3, 0, 2, 12, 47, 49, 50, 33, 3, 6, 30, 32, 42, 50], [40, 5, 2, 0, 11, 46, 48, 49, 35, 3, 5, 32, 30, 42, 50], [35, 14, 12, 11, 0, 35, 37, 38, 41, 8, 5, 31, 19, 34, 41], [33, 48, 47, 46, 35, 0, 6, 8, 65, 43, 41, 44, 20, 19, 18], [39, 50, 49, 48, 37, 6, 0, 2, 69, 45, 43, 49, 20, 25, 24], [41, 51, 50, 49, 38, 8, 2, 0, 71, 46, 43, 51, 20, 27, 26], [38, 30, 33, 35, 41, 65, 69, 71, 0, 35, 37, 22, 58, 50, 57], [37, 5, 3, 3, 8, 43, 45, 46, 35, 0, 2, 30, 28, 39, 47], [37, 8, 6, 5, 5, 41, 43, 43, 37, 2, 0, 30, 25, 38, 45], [15, 28, 30, 32, 31, 44, 49, 51, 22, 30, 30, 0, 43, 28, 35], [39, 33, 32, 30, 19, 20, 20, 20, 58, 28, 25, 43, 0, 30, 34], [14, 42, 42, 42, 34, 19, 25, 27, 50, 39, 38, 28, 30, 0, 8], [20, 50, 50, 50, 41, 18, 24, 26, 57, 47, 45, 35, 34, 8, 0]]}