{"N": 25, "e": [0, 469, 86, 89, 134, 186, 105, 561, 51, 427, 218, 269, 316, 157, 447, 497, 198, 107, 39, 506, 208, 181, 27, 295, 332], "l": [960, 709, 326, 329, 374, 426, 345, 801, 291, 667, 458, 509, 556, 397, 687, 737, 438, 347, 279, 746, 448, 421, 267, 535, 572], "demands": [0, 30, 20, 10, 10, 10, 20, 10, 10, 30, 30, 30, 20, 10, 30, 19, 9, 3, 6, 16, 9, 14, 8, 10, 23], "service_time": [0, 10, 10, 10, 10, 10, 10, 10, 10, 10, 10, 10, 10, 10, 10, 10, 10, 10, 10, 10, 10, 10, 10, 10, 10], "d": [[0, 58, 57, 55, 52, 52, 50, 51, 51, 47, 37, 40, 30, 35, 35, 18, 15, 29, 39, 13, 25, 25, 27, 12, 17], [58, 0, 5, 3, 7, 7, 8, 8, 11, 11, 59, 65, 58, 65, 23, 45, 61, 30, 31, 54, 33, 39, 47, 53, 42], [57, 5, 0, 5, 5, 8, 7, 9, 14, 10, 55, 61, 54, 61, 23, 45, 58, 30, 33, 54, 31, 36, 43, 51, 40], [55, 3, 5, 0, 5, 4, 6, 5, 8, 8, 58, 63, 56, 63, 20, 42, 58, 27, 28, 51, 30, 36, 45, 51, 39], [52, 7, 5, 5, 0, 5, 2, 5, 11, 5, 53, 58, 51, 58, 18, 40, 54, 25, 29, 49, 26, 32, 40, 47, 35], [52, 7, 8, 4, 5, 0, 5, 1, 5, 5, 56, 61, 54, 61, 16, 38, 55, 23, 25, 47, 26, 33, 43, 48, 35], [50, 8, 7, 6, 2, 5, 0, 5, 10, 3, 51, 57, 50, 57, 16, 38, 52, 23, 27, 47, 25, 30, 39, 45, 33], [51, 8, 9, 5, 5, 1, 5, 0, 5, 5, 55, 61, 53, 61, 15, 37, 54, 22, 24, 46, 25, 33, 42, 47, 34], [51, 11, 14, 8, 11, 5, 10, 5, 0, 10, 59, 65, 56, 64, 16, 36, 56, 22, 20, 45, 27, 36, 45, 48, 36], [47, 11, 10, 8, 5, 5, 3, 5, 10, 0, 50, 55, 48, 55, 13, 35, 50, 20, 25, 44, 22, 28, 37, 42, 30], [37, 59, 55, 58, 53, 56, 51, 55, 59, 50, 0, 5, 6, 7, 46, 46, 22, 45, 60, 47, 38, 25, 15, 25, 32], [40, 65, 61, 63, 58, 61, 57, 61, 65, 55, 5, 0, 10, 5, 51, 50, 25, 50, 65, 51, 43, 30, 20, 29, 37], [30, 58, 54, 56, 51, 54, 50, 53, 56, 48, 6, 10, 0, 7, 42, 40, 16, 40, 55, 41, 33, 21, 11, 19, 27], [35, 65, 61, 63, 58, 61, 57, 61, 64, 55, 7, 5, 7, 0, 49, 47, 19, 48, 62, 47, 41, 28, 18, 24, 34], [35, 23, 23, 20, 18, 16, 16, 15, 16, 13, 46, 51, 42, 49, 0, 22, 40, 7, 16, 31, 10, 21, 31, 32, 19], [18, 45, 45, 42, 40, 38, 38, 37, 36, 35, 46, 50, 40, 47, 22, 0, 30, 15, 21, 9, 15, 25, 32, 23, 14], [15, 61, 58, 58, 54, 55, 52, 54, 56, 50, 22, 25, 16, 19, 40, 30, 0, 36, 49, 28, 29, 22, 18, 8, 20], [29, 30, 30, 27, 25, 23, 23, 22, 22, 20, 45, 50, 40, 48, 7, 15, 36, 0, 15, 24, 7, 20, 30, 28, 15], [39, 31, 33, 28, 29, 25, 27, 24, 20, 25, 60, 65, 55, 62, 16, 21, 49, 15, 0, 29, 22, 35, 45, 41, 29], [13, 54, 54, 51, 49, 47, 47, 46, 45, 44, 47, 51, 41, 47, 31, 9, 28, 24, 29, 0, 23, 30, 35, 22, 19], [25, 33, 31, 30, 26, 26, 25, 25, 27, 22, 38, 43, 33, 41, 10, 15, 29, 7, 22, 23, 0, 13, 23, 21, 9], [25, 39, 36, 36, 32, 33, 30, 33, 36, 28, 25, 30, 21, 28, 21, 25, 22, 20, 35, 30, 13, 0, 10, 16, 10], [27, 47, 43, 45, 40, 43, 39, 42, 45, 37, 15, 20, 11, 18, 31, 32, 18, 30, 45, 35, 23, 10, 0, 15, 18], [12, 53, 51, 51, 47, 48, 45, 47, 48, 42, 25, 29, 19, 24, 32, 23, 8, 28, 41, 22, 21, 16, 15, 0, 12], [17, 42, 40, 39, 35, 35, 33, 34, 36, 30, 32, 37, 27, 34, 19, 14, 20, 15, 29, 19, 9, 10, 18, 12, 0]]}