{"N": 21, "e": [0, 30, 335, 2, 226, 40, 193, 123, 164, 352, 165, 28, 33, 0, 80, 85, 209, 138, 68, 0, 283], "l": [441, 89, 348, 66, 298, 118, 271, 224, 250, 417, 218, 115, 128, 75, 162, 163, 307, 173, 129, 67, 373], "demands": [0, 0, 0, 0, 0, 0, 0, 0, 0, 0, 0, 0, 0, 0, 0, 0, 0, 0, 0, 0, 0], "service_time": [0, 0, 0, 0, 0, 0, 0, 0, 0, 0, 0, 0, 0, 0, 0, 0, 0, 0, 0, 0, 0], "d": [[0, 33, 22, 2, 23, 23, 24, 39, 24, 24, 28, 30, 11, 16, 33, 23, 31, 34, 15, 11, 15], [33, 0, 16, 33, 49, 10, 43, 30, 49, 48, 7, 4, 22, 48, 12, 14, 34, 13, 21, 44, 47], [22, 16, 0, 22, 44, 13, 42, 40, 45, 44, 17, 16, 16, 35, 24, 2, 39, 12, 19, 33, 35], [2, 33, 22, 0, 25, 23, 26, 40, 26, 25, 29, 30, 12, 15, 34, 22, 32, 34, 17, 11, 14], [23, 49, 44, 25, 0, 39, 10, 39, 2, 2, 43, 46, 29, 28, 44, 44, 26, 55, 28, 18, 26], [23, 10, 13, 23, 39, 0, 34, 27, 39, 38, 5, 7, 12, 39, 12, 11, 27, 18, 11, 34, 38], [24, 43, 42, 26, 10, 34, 0, 29, 8, 7, 37, 39, 25, 34, 36, 41, 16, 51, 23, 23, 32], [39, 30, 40, 40, 39, 27, 29, 0, 38, 37, 24, 26, 29, 55, 18, 38, 13, 42, 24, 46, 53], [24, 49, 45, 26, 2, 39, 8, 38, 0, 1, 43, 45, 29, 30, 43, 44, 25, 56, 28, 20, 28], [24, 48, 44, 25, 2, 38, 7, 37, 1, 0, 42, 44, 28, 30, 42, 44, 24, 55, 27, 20, 28], [28, 7, 17, 29, 43, 5, 37, 24, 43, 42, 0, 2, 17, 44, 7, 15, 27, 18, 15, 39, 44], [30, 4, 16, 30, 46, 7, 39, 26, 45, 44, 2, 0, 19, 46, 9, 14, 30, 16, 17, 41, 45], [11, 22, 16, 12, 29, 12, 25, 29, 29, 28, 17, 19, 0, 28, 21, 15, 25, 26, 5, 22, 27], [16, 48, 35, 15, 28, 39, 34, 55, 30, 30, 44, 46, 28, 0, 49, 36, 45, 47, 32, 10, 2], [33, 12, 24, 34, 44, 12, 36, 18, 43, 42, 7, 9, 21, 49, 0, 22, 24, 25, 17, 43, 48], [23, 14, 2, 22, 44, 11, 41, 38, 44, 44, 15, 14, 15, 36, 22, 0, 37, 11, 18, 33, 36], [31, 34, 39, 32, 26, 27, 16, 13, 25, 24, 27, 30, 25, 45, 24, 37, 0, 45, 20, 35, 43], [34, 13, 12, 34, 55, 18, 51, 42, 56, 55, 18, 16, 26, 47, 25, 11, 45, 0, 28, 45, 47], [15, 21, 19, 17, 28, 11, 23, 24, 28, 27, 15, 17, 5, 32, 17, 18, 20, 28, 0, 25, 31], [11, 44, 33, 11, 18, 34, 23, 46, 20, 20, 39, 41, 22, 10, 43, 33, 35, 45, 25, 0, 8], [15, 47, 35, 14, 26, 38, 32, 53, 28, 28, 44, 45, 27, 2, 48, 36, 43, 47, 31, 8, 0]]}