{"N": 21, "e": [0, 95, 203, 331, 24, 129, 54, 102, 167, 252, 1, 172, 262, 75, 65, 0, 10, 17, 67, 144, 301], "l": [386, 123, 260, 364, 49, 152, 89, 133, 212, 267, 9, 208, 300, 129, 89, 41, 55, 66, 86, 163, 331], "demands": [0, 0, 0, 0, 0, 0, 0, 0, 0, 0, 0, 0, 0, 0, 0, 0, 0, 0, 0, 0, 0], "service_time": [0, 0, 0, 0, 0, 0, 0, 0, 0, 0, 0, 0, 0, 0, 0, 0, 0, 0, 0, 0, 0], "d": [[0, 38, 28, 22, 21, 34, 17, 47, 5, 29, 5, 30, 47, 43, 30, 13, 15, 17, 21, 23, 31], [38, 0, 24, 36, 17, 15, 35, 10, 35, 39, 37, 24, 12, 12, 20, 25, 23, 24, 26, 37, 9], [28, 24, 0, 13, 20, 33, 15, 29, 29, 15, 31, 37, 26, 21, 4, 24, 16, 27, 7, 42, 15], [22, 36, 13, 0, 25, 41, 5, 42, 25, 7, 26, 42, 40, 35, 17, 24, 17, 29, 10, 42, 27], [21, 17, 20, 25, 0, 15, 22, 26, 17, 31, 19, 17, 27, 25, 18, 8, 8, 9, 16, 24, 13], [34, 15, 33, 41, 15, 0, 38, 23, 29, 46, 31, 9, 27, 27, 30, 21, 24, 17, 31, 24, 19], [17, 35, 15, 5, 22, 38, 0, 42, 20, 12, 21, 38, 40, 35, 18, 20, 14, 25, 9, 37, 26], [47, 10, 29, 42, 26, 23, 42, 0, 44, 44, 46, 33, 5, 8, 25, 35, 32, 34, 32, 46, 16], [5, 35, 29, 25, 17, 29, 20, 44, 0, 32, 2, 25, 45, 42, 30, 9, 14, 12, 22, 18, 29], [29, 39, 15, 7, 31, 46, 12, 44, 32, 0, 34, 48, 41, 36, 19, 31, 24, 36, 15, 49, 30], [5, 37, 31, 26, 19, 31, 21, 46, 2, 34, 0, 26, 47, 44, 32, 11, 16, 13, 24, 17, 32], [30, 24, 37, 42, 17, 9, 38, 33, 25, 48, 26, 0, 36, 36, 35, 18, 24, 13, 33, 15, 26], [47, 12, 26, 40, 27, 27, 40, 5, 45, 41, 47, 36, 0, 5, 22, 36, 32, 36, 31, 49, 15], [43, 12, 21, 35, 25, 27, 35, 8, 42, 36, 44, 36, 5, 0, 17, 33, 28, 34, 26, 47, 12], [30, 20, 4, 17, 18, 30, 18, 25, 30, 19, 32, 35, 22, 17, 0, 24, 16, 27, 9, 42, 11], [13, 25, 24, 24, 8, 21, 20, 35, 9, 31, 11, 18, 36, 33, 24, 0, 8, 5, 18, 18, 21], [15, 23, 16, 17, 8, 24, 14, 32, 14, 24, 16, 24, 32, 28, 16, 8, 0, 12, 9, 26, 16], [17, 24, 27, 29, 9, 17, 25, 34, 12, 36, 13, 13, 36, 34, 27, 5, 12, 0, 22, 15, 22], [21, 26, 7, 10, 16, 31, 9, 32, 22, 15, 24, 33, 31, 26, 9, 18, 9, 22, 0, 36, 17], [23, 37, 42, 42, 24, 24, 37, 46, 18, 49, 17, 15, 49, 47, 42, 18, 26, 15, 36, 0, 36], [31, 9, 15, 27, 13, 19, 26, 16, 29, 30, 32, 26, 15, 12, 11, 21, 16, 22, 17, 36, 0]]}