{"N": 21, "e": [0, 369, 10, 4, 166, 115, 117, 43, 91, 67, 134, 0, 179, 264, 150, 55, 212, 318, 200, 26, 298], "l": [408, 377, 41, 23, 183, 126, 142, 68, 115, 92, 151, 19, 203, 275, 176, 84, 240, 324, 233, 48, 302], "demands": [0, 0, 0, 0, 0, 0, 0, 0, 0, 0, 0, 0, 0, 0, 0, 0, 0, 0, 0, 0, 0], "service_time": [0, 0, 0, 0, 0, 0, 0, 0, 0, 0, 0, 0, 0, 0, 0, 0, 0, 0, 0, 0, 0], "d": [[0, 31, 16, 5, 19, 32, 29, 16, 32, 28, 14, 5, 5, 21, 14, 22, 24, 29, 27, 17, 9], [31, 0, 21, 32, 41, 4, 18, 23, 8, 32, 20, 35, 36, 25, 29, 37, 49, 52, 45, 14, 38], [16, 21, 0, 14, 33, 24, 28, 2, 18, 16, 18, 21, 18, 27, 24, 16, 28, 31, 24, 12, 19], [5, 32, 14, 0, 23, 34, 32, 13, 32, 24, 18, 9, 4, 26, 19, 17, 20, 25, 22, 19, 5], [19, 41, 33, 23, 0, 40, 30, 34, 45, 48, 21, 13, 21, 19, 12, 41, 39, 45, 44, 29, 25], [32, 4, 24, 34, 40, 0, 14, 26, 12, 36, 20, 35, 37, 23, 28, 40, 52, 55, 48, 14, 39], [29, 18, 28, 32, 30, 14, 0, 31, 25, 44, 14, 29, 34, 11, 18, 44, 52, 57, 51, 16, 38], [16, 23, 2, 13, 34, 26, 31, 0, 20, 14, 20, 22, 18, 29, 26, 14, 26, 29, 22, 14, 18], [32, 8, 18, 32, 45, 12, 25, 20, 0, 26, 24, 36, 36, 31, 33, 33, 47, 48, 40, 16, 37], [28, 32, 16, 24, 48, 36, 44, 14, 26, 0, 34, 34, 28, 43, 40, 11, 27, 26, 17, 28, 26], [14, 20, 18, 18, 21, 20, 14, 20, 24, 34, 0, 16, 20, 9, 8, 32, 38, 43, 38, 8, 24], [5, 35, 21, 9, 13, 35, 29, 22, 36, 34, 16, 0, 8, 20, 12, 27, 26, 32, 31, 21, 12], [5, 36, 18, 4, 21, 37, 34, 18, 36, 28, 20, 8, 0, 26, 19, 20, 19, 24, 23, 22, 4], [21, 25, 27, 26, 19, 23, 11, 29, 31, 43, 9, 20, 26, 0, 8, 41, 46, 51, 47, 16, 30], [14, 29, 24, 19, 12, 28, 18, 26, 33, 40, 8, 12, 19, 8, 0, 36, 38, 43, 41, 17, 23], [22, 37, 16, 17, 41, 40, 44, 14, 33, 11, 32, 27, 20, 41, 36, 0, 16, 16, 7, 28, 17], [24, 49, 28, 20, 39, 52, 52, 26, 47, 27, 38, 26, 19, 46, 38, 16, 0, 6, 11, 38, 15], [29, 52, 31, 25, 45, 55, 57, 29, 48, 26, 43, 32, 24, 51, 43, 16, 6, 0, 9, 41, 20], [27, 45, 24, 22, 44, 48, 51, 22, 40, 17, 38, 31, 23, 47, 41, 7, 11, 9, 0, 35, 19], [17, 14, 12, 19, 29, 14, 16, 14, 16, 28, 8, 21, 22, 16, 17, 28, 38, 41, 35, 0, 25], [9, 38, 19, 5, 25, 39, 38, 18, 37, 26, 24, 12, 4, 30, 23, 17, 15, 20, 19, 25, 0]]}