{"N": 21, "e": [0, 0, 345, 22, 95, 81, 0, 206, 275, 0, 38, 159, 0, 23, 148, 54, 0, 67, 139, 133, 327], "l": [444, 15, 406, 148, 218, 146, 94, 323, 355, 99, 182, 217, 35, 57, 291, 192, 13, 133, 200, 216, 406], "demands": [0, 0, 0, 0, 0, 0, 0, 0, 0, 0, 0, 0, 0, 0, 0, 0, 0, 0, 0, 0, 0], "service_time": [0, 0, 0, 0, 0, 0, 0, 0, 0, 0, 0, 0, 0, 0, 0, 0, 0, 0, 0, 0, 0], "d": [[0, 10, 26, 31, 31, 25, 15, 43, 14, 13, 32, 40, 15, 11, 24, 11, 7, 22, 10, 33, 37], [10, 0, 33, 37, 23, 32, 24, 37, 14, 17, 33, 33, 5, 12, 24, 13, 3, 31, 1, 24, 30], [26, 33, 0, 8, 46, 2, 26, 50, 39, 36, 22, 47, 37, 36, 21, 21, 31, 6, 34, 47, 45], [31, 37, 8, 0, 45, 7, 34, 47, 45, 42, 17, 45, 40, 42, 20, 24, 36, 14, 38, 46, 43], [31, 23, 46, 45, 0, 44, 47, 16, 36, 40, 32, 13, 19, 34, 25, 26, 26, 46, 24, 1, 11], [25, 32, 2, 7, 44, 0, 27, 48, 39, 36, 19, 45, 36, 36, 19, 19, 30, 7, 33, 45, 42], [15, 24, 26, 34, 47, 27, 0, 58, 19, 13, 41, 55, 29, 18, 35, 23, 21, 20, 24, 48, 52], [43, 37, 50, 47, 16, 48, 58, 0, 51, 54, 31, 3, 34, 49, 28, 35, 39, 52, 38, 15, 6], [14, 14, 39, 45, 36, 39, 19, 51, 0, 6, 45, 47, 17, 3, 37, 24, 13, 35, 13, 38, 45], [13, 17, 36, 42, 40, 36, 13, 54, 6, 0, 45, 50, 21, 5, 37, 24, 14, 31, 16, 41, 48], [32, 33, 22, 17, 32, 19, 41, 31, 45, 45, 0, 29, 34, 42, 8, 21, 33, 26, 34, 33, 27], [40, 33, 47, 45, 13, 45, 55, 3, 47, 50, 29, 0, 30, 45, 25, 32, 36, 49, 34, 12, 2], [15, 5, 37, 40, 19, 36, 29, 34, 17, 21, 34, 30, 0, 15, 25, 16, 8, 35, 5, 20, 27], [11, 12, 36, 42, 34, 36, 18, 49, 3, 5, 42, 45, 15, 0, 34, 21, 10, 32, 11, 36, 42], [24, 24, 21, 20, 25, 19, 35, 28, 37, 37, 8, 25, 25, 34, 0, 13, 24, 24, 25, 26, 23], [11, 13, 21, 24, 26, 19, 23, 35, 24, 24, 21, 32, 16, 21, 13, 0, 12, 20, 14, 27, 29], [7, 3, 31, 36, 26, 30, 21, 39, 13, 14, 33, 36, 8, 10, 24, 12, 0, 28, 3, 27, 33], [22, 31, 6, 14, 46, 7, 20, 52, 35, 31, 26, 49, 35, 32, 24, 20, 28, 0, 31, 47, 46], [10, 1, 34, 38, 24, 33, 24, 38, 13, 16, 34, 34, 5, 11, 25, 14, 3, 31, 0, 25, 31], [33, 24, 47, 46, 1, 45, 48, 15, 38, 41, 33, 12, 20, 36, 26, 27, 27, 47, 25, 0, 10], [37, 30, 45, 43, 11, 42, 52, 6, 45, 48, 27, 2, 27, 42, 23, 29, 33, 46, 31, 10, 0]]}