{"N": 21, "e": [0, 117, 48, 52, 102, 200, 175, 41, 8, 149, 0, 42, 275, 129, 100, 249, 186, 0, 33, 3, 250], "l": [433, 215, 120, 120, 141, 241, 233, 96, 90, 235, 26, 120, 391, 168, 206, 306, 236, 55, 120, 73, 288], "demands": [0, 0, 0, 0, 0, 0, 0, 0, 0, 0, 0, 0, 0, 0, 0, 0, 0, 0, 0, 0, 0], "service_time": [0, 0, 0, 0, 0, 0, 0, 0, 0, 0, 0, 0, 0, 0, 0, 0, 0, 0, 0, 0, 0], "d": [[0, 39, 22, 13, 22, 23, 46, 18, 22, 47, 10, 17, 42, 33, 42, 38, 41, 15, 5, 25, 28], [39, 0, 17, 29, 20, 45, 42, 21, 27, 16, 37, 24, 39, 14, 6, 9, 28, 30, 44, 14, 10], [22, 17, 0, 15, 6, 32, 41, 4, 17, 28, 22, 7, 37, 16, 20, 18, 29, 16, 27, 6, 7], [13, 29, 15, 0, 19, 17, 33, 14, 8, 34, 7, 15, 29, 20, 30, 26, 27, 2, 18, 15, 19], [22, 20, 6, 19, 0, 37, 47, 4, 22, 33, 24, 5, 43, 22, 24, 23, 36, 21, 26, 12, 12], [23, 45, 32, 17, 37, 0, 27, 32, 18, 44, 14, 33, 24, 32, 44, 38, 30, 16, 25, 31, 35], [46, 42, 41, 33, 47, 27, 0, 43, 25, 32, 36, 46, 4, 29, 38, 33, 14, 31, 49, 36, 38], [18, 21, 4, 14, 4, 32, 43, 0, 18, 32, 20, 3, 39, 20, 25, 22, 33, 16, 23, 10, 11], [22, 27, 17, 8, 22, 18, 25, 18, 0, 28, 14, 20, 21, 14, 26, 20, 18, 6, 26, 13, 17], [47, 16, 28, 34, 33, 44, 32, 32, 28, 0, 42, 35, 30, 14, 10, 9, 18, 34, 52, 22, 21], [10, 37, 22, 7, 24, 14, 36, 20, 14, 42, 0, 20, 32, 28, 38, 33, 32, 7, 13, 22, 26], [17, 24, 7, 15, 5, 33, 46, 3, 20, 35, 20, 0, 42, 23, 28, 26, 36, 17, 21, 13, 14], [42, 39, 37, 29, 43, 24, 4, 39, 21, 30, 32, 42, 0, 25, 35, 30, 12, 27, 45, 32, 34], [33, 14, 16, 20, 22, 32, 29, 20, 14, 14, 28, 23, 25, 0, 12, 6, 15, 20, 38, 10, 10], [42, 6, 20, 30, 24, 44, 38, 25, 26, 10, 38, 28, 35, 12, 0, 6, 23, 31, 47, 16, 13], [38, 9, 18, 26, 23, 38, 33, 22, 20, 9, 33, 26, 30, 6, 6, 0, 18, 25, 43, 13, 11], [41, 28, 29, 27, 36, 30, 14, 33, 18, 18, 32, 36, 12, 15, 23, 18, 0, 25, 45, 24, 25], [15, 30, 16, 2, 21, 16, 31, 16, 6, 34, 7, 17, 27, 20, 31, 25, 25, 0, 19, 16, 20], [5, 44, 27, 18, 26, 25, 49, 23, 26, 52, 13, 21, 45, 38, 47, 43, 45, 19, 0, 30, 33], [25, 14, 6, 15, 12, 31, 36, 10, 13, 22, 22, 13, 32, 10, 16, 13, 24, 16, 30, 0, 4], [28, 10, 7, 19, 12, 35, 38, 11, 17, 21, 26, 14, 34, 10, 13, 11, 25, 20, 33, 4, 0]]}