{"N": 21, "e": [0, 0, 252, 0, 10, 68, 153, 85, 0, 117, 54, 282, 57, 0, 0, 16, 0, 59, 161, 197, 220], "l": [496, 112, 443, 105, 162, 236, 336, 235, 92, 285, 198, 448, 227, 80, 178, 191, 92, 277, 290, 368, 389], "demands": [0, 0, 0, 0, 0, 0, 0, 0, 0, 0, 0, 0, 0, 0, 0, 0, 0, 0, 0, 0, 0], "service_time": [0, 0, 0, 0, 0, 0, 0, 0, 0, 0, 0, 0, 0, 0, 0, 0, 0, 0, 0, 0, 0], "d": [[0, 10, 25, 21, 2, 31, 43, 38, 22, 22, 27, 48, 40, 6, 19, 19, 20, 39, 36, 40, 31], [10, 0, 35, 13, 8, 31, 49, 34, 19, 27, 26, 54, 39, 5, 29, 24, 11, 34, 37, 44, 25], [25, 35, 0, 43, 27, 40, 29, 51, 39, 23, 39, 35, 47, 30, 7, 22, 44, 53, 42, 34, 48], [21, 13, 43, 0, 19, 22, 49, 23, 10, 27, 17, 53, 29, 14, 36, 25, 4, 22, 29, 41, 13], [2, 8, 27, 19, 0, 32, 44, 38, 22, 24, 27, 50, 40, 5, 21, 20, 18, 38, 37, 41, 30], [31, 31, 40, 22, 32, 0, 32, 11, 12, 17, 5, 34, 8, 27, 33, 17, 26, 14, 6, 21, 14], [43, 49, 29, 49, 44, 32, 0, 43, 40, 22, 36, 6, 35, 44, 27, 25, 52, 46, 30, 12, 46], [38, 34, 51, 23, 38, 11, 43, 0, 15, 27, 11, 44, 10, 32, 43, 28, 27, 3, 13, 31, 10], [22, 19, 39, 10, 22, 12, 40, 15, 0, 19, 7, 43, 20, 17, 32, 18, 14, 16, 18, 31, 8], [22, 27, 23, 27, 24, 17, 22, 27, 19, 0, 17, 27, 24, 21, 16, 3, 30, 30, 19, 17, 27], [27, 26, 39, 17, 27, 5, 36, 11, 7, 17, 0, 38, 13, 22, 32, 17, 21, 13, 11, 26, 10], [48, 54, 35, 53, 50, 34, 6, 44, 43, 27, 38, 0, 35, 48, 33, 30, 56, 47, 30, 12, 48], [40, 39, 47, 29, 40, 8, 35, 10, 20, 24, 13, 35, 0, 35, 41, 25, 33, 13, 5, 23, 18], [6, 5, 30, 14, 5, 27, 44, 32, 17, 21, 22, 48, 35, 0, 24, 18, 14, 33, 33, 39, 24], [19, 29, 7, 36, 21, 33, 27, 43, 32, 16, 32, 33, 41, 24, 0, 15, 37, 46, 36, 29, 40], [19, 24, 22, 25, 20, 17, 25, 28, 18, 3, 17, 30, 25, 18, 15, 0, 27, 30, 20, 20, 26], [20, 11, 44, 4, 18, 26, 52, 27, 14, 30, 21, 56, 33, 14, 37, 27, 0, 26, 33, 45, 17], [39, 34, 53, 22, 38, 14, 46, 3, 16, 30, 13, 47, 13, 33, 46, 30, 26, 0, 16, 34, 9], [36, 37, 42, 29, 37, 6, 30, 13, 18, 19, 11, 30, 5, 33, 36, 20, 33, 16, 0, 18, 19], [40, 44, 34, 41, 41, 21, 12, 31, 31, 17, 26, 12, 23, 39, 29, 20, 45, 34, 18, 0, 36], [31, 25, 48, 13, 30, 14, 46, 10, 8, 27, 10, 48, 18, 24, 40, 26, 17, 9, 19, 36, 0]]}