{"N": 21, "e": [0, 52, 0, 109, 106, 208, 0, 206, 117, 270, 0, 0, 0, 0, 0, 124, 60, 0, 0, 31, 237], "l": [518, 286, 205, 290, 317, 404, 124, 358, 292, 481, 168, 199, 179, 96, 183, 321, 252, 188, 148, 215, 446], "demands": [0, 0, 0, 0, 0, 0, 0, 0, 0, 0, 0, 0, 0, 0, 0, 0, 0, 0, 0, 0, 0], "service_time": [0, 0, 0, 0, 0, 0, 0, 0, 0, 0, 0, 0, 0, 0, 0, 0, 0, 0, 0, 0, 0], "d": [[0, 46, 24, 10, 37, 42, 9, 43, 30, 37, 15, 28, 36, 6, 20, 41, 39, 13, 22, 44, 5], [46, 0, 24, 41, 18, 28, 44, 17, 38, 49, 31, 18, 14, 49, 27, 34, 8, 37, 44, 15, 42], [24, 24, 0, 18, 13, 21, 26, 28, 32, 43, 10, 6, 12, 26, 14, 37, 18, 20, 31, 28, 19], [10, 41, 18, 0, 29, 33, 17, 42, 35, 44, 12, 23, 29, 9, 20, 45, 35, 18, 29, 43, 6], [37, 18, 13, 29, 0, 11, 39, 30, 42, 54, 23, 13, 4, 38, 25, 44, 17, 33, 43, 29, 32], [42, 28, 21, 33, 11, 0, 46, 41, 53, 64, 30, 23, 15, 42, 35, 55, 28, 41, 53, 40, 37], [9, 44, 26, 17, 39, 46, 0, 38, 21, 28, 16, 28, 38, 15, 17, 33, 37, 8, 13, 40, 11], [43, 17, 28, 42, 30, 41, 38, 0, 25, 34, 30, 22, 26, 48, 22, 18, 13, 30, 32, 2, 40], [30, 38, 32, 35, 42, 53, 21, 25, 0, 11, 26, 29, 39, 36, 18, 12, 31, 17, 10, 27, 30], [37, 49, 43, 44, 54, 64, 28, 34, 11, 0, 36, 41, 51, 43, 29, 17, 42, 26, 15, 36, 38], [15, 31, 10, 12, 23, 30, 16, 30, 26, 36, 0, 13, 22, 18, 9, 34, 24, 11, 23, 31, 10], [28, 18, 6, 23, 13, 23, 28, 22, 29, 41, 13, 0, 10, 31, 12, 32, 12, 21, 31, 22, 23], [36, 14, 12, 29, 4, 15, 38, 26, 39, 51, 22, 10, 0, 38, 23, 40, 13, 31, 41, 25, 32], [6, 49, 26, 9, 38, 42, 15, 48, 36, 43, 18, 31, 38, 0, 25, 47, 42, 19, 28, 49, 7], [20, 27, 14, 20, 25, 35, 17, 22, 18, 29, 9, 12, 23, 25, 0, 25, 19, 9, 18, 24, 17], [41, 34, 37, 45, 44, 55, 33, 18, 12, 17, 34, 32, 40, 47, 25, 0, 29, 27, 22, 20, 40], [39, 8, 18, 35, 17, 28, 37, 13, 31, 42, 24, 12, 13, 42, 19, 29, 0, 29, 36, 12, 35], [13, 37, 20, 18, 33, 41, 8, 30, 17, 26, 11, 21, 31, 19, 9, 27, 29, 0, 12, 32, 13], [22, 44, 31, 29, 43, 53, 13, 32, 10, 15, 23, 31, 41, 28, 18, 22, 36, 12, 0, 34, 23], [44, 15, 28, 43, 29, 40, 40, 2, 27, 36, 31, 22, 25, 49, 24, 20, 12, 32, 34, 0, 41], [5, 42, 19, 6, 32, 37, 11, 40, 30, 38, 10, 23, 32, 7, 17, 40, 35, 13, 23, 41, 0]]}